NACA_63215
[-0.15029182, -0.16098318, -0.20377234, -0.13863304, -0.13868888,  0.04034309, 0.30174562, 0.21011278, 0.17247788, 0.31289289 ,0.1346193 , 0.12938747]

NACA 0012
[-0.17153693, -0.15273428, -0.16081077, -0.1334715 , -0.14354445 ,-0.13967317,0.17153693, 0.15273428, 0.16081077, 0.1334715 , 0.14354445 ,0.13967317]

NACA 4412
[-0.13531743 ,-0.05432558, -0.0317284,  -0.04468157 ,-0.00305685, -0.00982553,0.21539484, 0.24632082, 0.29601105, 0.21389515 ,0.29024428 ,0.27114088]

NACA 2412
[-0.15265369, -0.10250827 ,-0.09942692, -0.08456399 ,-0.07538901 ,-0.07224024,0.19200645, 0.20154634, 0.22503573 ,0.17750311, 0.21452128, 0.20582731]

CLARK_Y_AIRFOIL
[-0.15518679, -0.0155905,  -0.116516,    0.01224344 ,-0.07837187, -0.02215833, 0.16968855, 0.33285509, 0.11207335, 0.36649601, 0.16862276, 0.26976174]